256
0 73
0 108
0 240
0 49
0 85
0 251
0 92
0 126
1 135
1 72
1 203
1 205
1 174
1 239
1 116
1 58
2 32
2 134
2 102
2 104
2 73
2 50
2 147
2 18
3 102
3 134
3 200
3 78
3 210
3 51
3 179
3 187
4 106
4 205
4 247
4 183
4 154
4 252
4 253
4 191
5 98
5 228
5 172
5 143
5 20
5 56
5 122
5 158
6 132
6 202
6 172
6 79
6 17
6 83
6 245
6 124
7 165
7 134
7 201
7 236
7 78
7 121
7 90
7 219
8 224
8 228
8 135
8 136
8 74
8 210
8 186
8 191
9 11
9 205
9 176
9 85
9 215
9 219
9 124
9 255
10 224
10 100
10 197
10 167
10 231
10 111
10 83
10 154
11 34
11 198
11 135
11 9
11 177
11 181
11 117
11 24
12 163
12 67
12 31
12 145
12 53
12 214
12 220
12 255
13 192
13 133
13 71
13 199
13 43
13 173
13 113
13 61
14 33
14 167
14 40
14 118
14 120
14 153
14 157
14 159
15 131
15 74
15 139
15 141
15 241
15 119
15 54
15 247
16 128
16 162
16 227
16 209
16 244
16 85
16 126
16 223
17 96
17 98
17 100
17 6
17 239
17 54
17 218
17 29
18 98
18 2
18 196
18 195
18 81
18 49
18 86
18 252
19 186
19 108
19 110
19 49
19 177
19 85
19 250
19 27
20 68
20 5
20 230
20 168
20 172
20 109
20 240
20 190
21 64
21 130
21 201
21 234
21 112
21 179
21 124
21 95
22 233
22 172
22 111
22 184
22 26
22 123
22 95
22 31
23 133
23 134
23 103
23 42
23 138
23 147
23 217
23 186
24 75
24 204
24 187
24 11
24 248
24 123
24 29
24 95
25 161
25 164
25 36
25 236
25 174
25 187
25 157
25 31
26 164
26 71
26 75
26 79
26 213
26 22
26 56
26 63
27 41
27 42
27 45
27 177
27 19
27 61
27 158
27 191
28 195
28 197
28 232
28 107
28 142
28 79
28 87
28 157
29 46
29 144
29 81
29 17
29 116
29 24
29 251
29 95
30 229
30 174
30 111
30 179
30 84
30 217
30 61
30 159
31 75
31 12
31 241
31 147
31 213
31 22
31 215
31 25
32 97
32 2
32 247
32 49
32 151
32 154
32 91
32 63
33 226
33 229
33 73
33 14
33 239
33 213
33 151
33 126
34 129
34 38
34 166
34 72
34 11
34 144
34 178
34 157
35 129
35 36
35 111
35 178
35 87
35 216
35 57
35 220
36 35
36 68
36 72
36 137
36 171
36 175
36 244
36 25
37 128
37 193
37 171
37 141
37 78
37 148
37 122
37 62
38 64
38 34
38 170
38 139
38 236
38 234
38 76
38 140
39 162
39 101
39 168
39 73
39 203
39 174
39 208
39 242
40 96
40 131
40 196
40 106
40 14
40 60
40 185
40 220
41 97
41 165
41 232
41 170
41 49
41 243
41 211
41 27
42 142
42 113
42 23
42 152
42 27
42 156
42 190
42 127
43 164
43 103
43 106
43 108
43 13
43 213
43 248
43 223
44 64
44 130
44 163
44 135
44 201
44 47
44 184
44 122
45 164
45 169
45 74
45 86
45 119
45 214
45 27
45 60
46 69
46 231
46 71
46 138
46 210
46 115
46 53
46 29
47 226
47 234
47 44
47 237
47 153
47 123
47 188
47 158
48 67
48 71
48 107
48 140
48 80
48 210
48 182
48 222
49 32
49 0
49 41
49 81
49 18
49 19
49 217
49 127
50 2
50 139
50 144
50 176
50 180
50 182
50 151
50 255
51 3
51 228
51 163
51 201
51 108
51 245
51 183
51 125
52 206
52 79
52 112
52 239
52 149
52 85
52 186
52 156
53 194
53 69
53 235
53 12
53 46
53 207
53 209
53 154
54 160
54 161
54 162
54 15
54 17
54 82
54 181
54 158
55 65
55 165
55 75
55 204
55 139
55 80
55 181
55 62
56 5
56 102
56 205
56 142
56 208
56 212
56 88
56 26
57 89
57 35
57 68
57 240
57 213
57 88
57 185
57 58
58 1
58 185
58 137
58 76
58 213
58 248
58 57
58 159
59 96
59 225
59 137
59 235
59 204
59 80
59 150
59 246
60 65
60 40
60 105
60 45
60 188
60 147
60 245
60 220
61 64
61 227
61 231
61 103
61 13
61 177
61 27
61 30
62 65
62 67
62 37
62 110
62 82
62 178
62 55
62 152
63 32
63 249
63 168
63 232
63 153
63 26
63 123
63 125
64 97
64 38
64 231
64 138
64 44
64 113
64 21
64 61
65 161
65 99
65 60
65 55
65 62
65 153
65 156
65 190
66 131
66 69
66 197
66 108
66 149
66 184
66 189
66 191
67 12
67 173
67 206
67 48
67 118
67 90
67 219
67 62
68 194
68 36
68 164
68 73
68 143
68 20
68 57
68 94
69 192
69 66
69 132
69 105
69 46
69 245
69 53
69 124
70 131
70 133
70 101
70 211
70 249
70 250
70 156
70 254
71 201
71 140
71 13
71 46
71 48
71 211
71 121
71 26
72 96
72 1
72 34
72 36
72 206
72 175
72 113
72 183
73 0
73 33
73 2
73 68
73 39
73 104
73 169
73 117
74 8
74 45
74 15
74 239
74 83
74 211
74 246
74 154
75 177
75 55
75 182
75 151
75 24
75 26
75 91
75 31
76 161
76 228
76 165
76 102
76 38
76 109
76 241
76 58
77 162
77 100
77 81
77 181
77 214
77 118
77 249
77 187
78 3
78 164
78 37
78 7
78 233
78 244
78 117
78 153
79 6
79 104
79 172
79 240
79 81
79 52
79 26
79 28
80 232
80 169
80 170
80 48
80 55
80 89
80 59
80 127
81 132
81 167
81 200
81 77
81 79
81 49
81 18
81 29
82 160
82 194
82 237
82 146
82 179
82 54
82 253
82 62
83 98
83 165
83 6
83 135
83 74
83 10
83 238
83 208
84 227
84 199
84 136
84 103
84 109
84 143
84 85
84 30
85 0
85 97
85 9
85 16
85 19
85 84
85 52
85 123
86 101
86 45
86 210
86 18
86 152
86 219
86 254
86 216
87 97
87 35
87 198
87 237
87 28
87 178
87 250
87 124
88 224
88 99
88 208
88 211
88 183
88 56
88 57
88 219
89 130
89 164
89 133
89 198
89 207
89 80
89 245
89 57
90 194
90 67
90 132
90 7
90 140
90 180
90 244
90 182
91 32
91 225
91 192
91 194
91 75
91 144
91 155
91 223
92 0
92 197
92 166
92 214
92 248
92 217
92 156
92 189
93 192
93 231
93 138
93 108
93 238
93 175
93 111
93 206
94 160
94 128
94 68
94 233
94 106
94 170
94 154
94 157
95 197
95 104
95 205
95 143
95 21
95 22
95 24
95 29
96 196
96 231
96 72
96 40
96 17
96 59
96 126
96 255
97 64
97 32
97 130
97 136
97 41
97 85
97 87
97 223
98 5
98 233
98 203
98 17
98 18
98 83
98 155
98 124
99 65
99 249
99 114
99 179
99 117
99 88
99 221
99 125
100 137
100 10
100 77
100 208
100 17
100 116
100 214
100 186
101 70
101 39
101 168
101 234
101 208
101 177
101 86
101 223
102 2
102 3
102 76
102 112
102 115
102 56
102 251
102 158
103 136
103 201
103 43
103 61
103 84
103 23
103 220
103 221
104 2
104 73
104 79
104 214
104 249
104 122
104 155
104 95
105 69
105 199
105 238
105 147
105 122
105 60
105 189
105 158
106 4
106 40
106 43
106 204
106 143
106 119
106 123
106 94
107 225
107 194
107 197
107 232
107 48
107 148
107 248
107 28
108 0
108 66
108 43
108 110
108 51
108 19
108 187
108 93
109 76
109 239
109 84
109 149
109 246
109 215
109 20
109 190
110 228
110 134
110 137
110 108
110 19
110 148
110 152
110 62
111 194
111 35
111 10
111 181
111 22
111 152
111 93
111 30
112 128
112 129
112 102
112 170
112 141
112 52
112 21
112 158
113 64
113 193
113 198
113 135
113 72
113 42
113 13
113 178
114 128
114 130
114 99
114 172
114 205
114 179
114 155
114 126
115 102
115 233
115 142
115 46
115 239
115 241
115 211
115 122
116 1
116 100
116 202
116 142
116 150
116 217
116 29
116 159
117 99
117 229
117 73
117 11
117 203
117 78
117 240
117 150
118 161
118 67
118 168
118 77
118 14
118 144
118 124
118 254
119 192
119 106
119 171
119 45
119 173
119 15
119 242
119 151
120 201
120 202
120 236
120 14
120 241
120 211
120 244
120 191
121 71
121 7
121 175
121 150
121 185
121 154
121 251
121 157
122 5
122 37
122 104
122 105
122 44
122 115
122 183
122 127
123 223
123 106
123 47
123 85
123 22
123 24
123 253
123 63
124 98
124 69
124 6
124 9
124 139
124 21
124 118
124 87
125 99
125 51
125 244
125 150
125 183
125 153
125 188
125 63
126 0
126 33
126 96
126 132
126 16
126 114
126 218
126 127
127 227
127 42
127 80
127 49
127 147
127 248
127 122
127 126
128 37
128 166
128 172
128 16
128 112
128 114
128 253
128 94
129 224
129 160
129 34
129 35
129 196
129 175
129 112
129 242
130 192
130 97
130 44
130 114
130 148
130 21
130 89
130 188
131 66
131 70
131 40
131 15
131 143
131 212
131 247
131 252
132 69
132 6
132 235
132 81
132 148
132 184
132 90
132 126
133 226
133 163
133 70
133 167
133 13
133 23
133 89
133 222
134 224
134 2
134 3
134 165
134 7
134 110
134 23
134 159
135 1
135 8
135 169
135 11
135 44
135 113
135 83
135 219
136 97
136 103
136 8
136 237
136 146
136 84
136 181
136 188
137 100
137 36
137 200
137 141
137 110
137 58
137 59
137 190
138 64
138 200
138 235
138 46
138 177
138 23
138 248
138 93
139 38
139 15
139 145
139 50
139 180
139 55
139 218
139 124
140 230
140 71
140 38
140 176
140 145
140 48
140 241
140 90
141 195
141 37
141 168
141 137
141 174
141 15
141 112
141 150
142 166
142 42
142 209
142 115
142 116
142 56
142 249
142 28
143 131
143 68
143 5
143 166
143 106
143 147
143 84
143 95
144 192
144 193
144 34
144 50
144 118
144 91
144 29
144 222
145 229
145 139
145 140
145 12
145 238
145 212
145 180
145 220
146 195
146 227
146 136
146 202
146 82
146 215
146 216
146 221
147 2
147 105
147 31
147 143
147 243
147 23
147 60
147 127
148 130
148 132
148 37
148 199
148 107
148 110
148 240
148 190
149 66
149 162
149 198
149 200
149 109
149 209
149 52
149 255
150 141
150 116
150 117
150 184
150 121
150 59
150 125
150 191
151 32
151 33
151 199
151 247
151 75
151 50
151 119
151 187
152 202
152 234
152 42
152 110
152 111
152 177
152 86
152 62
153 160
153 65
153 78
153 47
153 14
153 219
153 125
153 63
154 32
154 161
154 4
154 74
154 10
154 53
154 121
154 94
155 98
155 229
155 104
155 204
155 208
155 209
155 114
155 91
156 65
156 195
156 70
156 42
156 92
156 209
156 52
156 252
157 121
157 34
157 237
157 14
157 25
157 251
157 28
157 94
158 5
158 102
158 105
158 47
158 112
158 180
158 54
158 27
159 58
159 134
159 202
159 14
159 116
159 212
159 250
159 30
160 129
160 174
160 82
160 54
160 216
160 153
160 186
160 94
161 65
161 76
161 54
161 118
161 25
161 154
161 188
161 253
162 227
162 39
162 204
162 77
162 16
162 149
162 54
162 184
163 133
163 231
163 44
163 12
163 174
163 175
163 243
163 51
164 89
164 68
164 43
164 45
164 78
164 245
164 25
164 26
165 134
165 7
165 41
165 76
165 178
165 83
165 55
165 222
166 128
166 34
166 142
166 143
166 252
166 216
166 92
166 253
167 133
167 198
167 10
167 14
167 81
167 215
167 185
167 189
168 193
168 101
168 39
168 141
168 20
168 118
168 246
168 63
169 135
169 73
169 45
169 80
169 244
169 245
169 182
169 222
170 38
170 41
170 112
170 80
170 179
170 249
170 219
170 94
171 225
171 36
171 37
171 234
171 241
171 212
171 119
171 216
172 128
172 5
172 6
172 79
172 114
172 20
172 22
172 216
173 67
173 234
173 13
173 176
173 241
173 213
173 119
173 188
174 160
174 1
174 163
174 39
174 203
174 141
174 25
174 30
175 129
175 195
175 163
175 36
175 72
175 207
175 121
175 93
176 192
176 193
176 9
176 140
176 173
176 50
176 215
176 189
177 101
177 138
177 75
177 11
177 19
177 152
177 27
177 61
178 34
178 35
178 165
178 113
178 182
178 87
178 217
178 62
179 3
179 99
179 170
179 114
179 82
179 21
179 30
179 222
180 224
180 225
180 196
180 139
180 145
180 50
180 90
180 158
181 136
181 11
181 77
181 111
181 54
181 55
181 216
181 254
182 224
182 226
182 169
182 75
182 48
182 178
182 50
182 90
183 4
183 72
183 51
183 214
183 88
183 122
183 125
183 254
184 66
184 162
184 132
184 44
184 242
184 150
184 22
184 221
185 225
185 121
185 167
185 40
185 57
185 58
185 251
185 253
186 160
186 227
186 196
186 100
186 8
186 19
186 52
186 23
187 3
187 108
187 77
187 151
187 24
187 25
187 251
187 223
188 161
188 130
188 136
188 173
188 47
188 243
188 60
188 125
189 66
189 195
189 167
189 105
189 176
189 242
189 92
189 221
190 65
190 199
190 137
190 42
190 109
190 243
190 148
190 20
191 66
191 226
191 228
191 4
191 8
191 150
191 120
191 27
192 130
192 69
192 13
192 176
192 144
192 119
192 91
192 93
193 37
193 168
193 234
193 144
193 176
193 209
193 211
193 113
194 68
194 107
194 236
194 111
194 82
194 53
194 90
194 91
195 236
195 141
195 175
195 156
195 146
195 18
195 28
195 189
196 96
196 129
196 40
196 18
196 180
196 213
196 186
196 255
197 66
197 230
197 10
197 107
197 202
197 92
197 28
197 95
198 167
198 11
198 113
198 149
198 87
198 89
198 252
198 223
199 105
199 233
199 13
199 148
199 84
199 151
199 247
199 190
200 3
200 137
200 138
200 207
200 81
200 149
200 252
200 222
201 103
201 7
201 71
201 44
201 51
201 21
201 120
201 218
202 197
202 6
202 146
202 116
202 246
202 152
202 120
202 159
203 1
203 98
203 229
203 39
203 174
203 209
203 117
203 221
204 225
204 162
204 232
204 106
204 155
204 55
204 24
204 59
205 1
205 4
205 230
205 9
205 114
205 56
205 251
205 95
206 67
206 72
206 232
206 207
206 52
206 245
206 247
206 93
207 229
207 200
207 206
207 175
207 243
207 53
207 89
207 218
208 100
208 101
208 39
208 83
208 215
208 88
208 56
208 155
209 193
209 203
209 142
209 16
209 149
209 53
209 155
209 156
210 3
210 8
210 236
210 46
210 48
210 212
210 86
210 246
211 193
211 70
211 71
211 41
211 74
211 115
211 88
211 120
212 131
212 171
212 145
212 210
212 246
212 247
212 56
212 159
213 33
213 26
213 196
213 43
213 173
213 57
213 58
213 31
214 100
214 104
214 12
214 77
214 45
214 242
214 183
214 92
215 167
215 9
215 235
215 109
215 208
215 176
215 146
215 31
216 160
216 35
216 166
216 171
216 172
216 146
216 181
216 86
217 49
217 178
217 116
217 23
217 248
217 92
217 30
217 255
218 230
218 201
218 139
218 207
218 17
218 126
218 220
218 254
219 67
219 135
219 7
219 9
219 170
219 86
219 88
219 153
220 35
220 103
220 40
220 12
220 237
220 145
220 218
220 60
221 99
221 103
221 203
221 238
221 240
221 146
221 184
221 189
222 133
222 165
222 200
222 169
222 144
222 48
222 179
222 253
223 97
223 101
223 198
223 91
223 123
223 43
223 16
223 187
224 129
224 134
224 8
224 10
224 180
224 246
224 182
224 88
225 59
225 233
225 107
225 204
225 171
225 180
225 185
225 91
226 33
226 133
226 230
226 235
226 47
226 182
226 250
226 191
227 162
227 229
227 16
227 146
227 84
227 186
227 61
227 127
228 5
228 230
228 8
228 76
228 110
228 242
228 51
228 191
229 33
229 227
229 203
229 207
229 145
229 117
229 155
229 30
230 226
230 228
230 197
230 250
230 140
230 205
230 20
230 218
231 96
231 64
231 163
231 10
231 236
231 46
231 93
231 61
232 41
232 107
232 235
232 204
232 206
232 80
232 28
232 63
233 225
233 98
233 199
233 78
233 115
233 244
233 22
233 94
234 193
234 101
234 38
234 171
234 173
234 47
234 21
234 152
235 226
235 132
235 232
235 138
235 238
235 53
235 215
235 59
236 194
236 195
236 38
236 7
236 231
236 210
236 120
236 25
237 136
237 47
237 82
237 87
237 249
237 220
237 157
237 254
238 105
238 235
238 145
238 83
238 93
238 250
238 221
238 254
239 33
239 1
239 74
239 109
239 17
239 243
239 52
239 115
240 0
240 79
240 242
240 148
240 117
240 20
240 57
240 221
241 171
241 76
241 140
241 173
241 15
241 115
241 120
241 31
242 129
242 228
242 39
242 240
242 214
242 119
242 184
242 189
243 163
243 41
243 239
243 207
243 147
243 252
243 188
243 190
244 36
244 169
244 233
244 78
244 16
244 120
244 90
244 125
245 164
245 69
245 6
245 169
245 206
245 51
245 89
245 60
246 224
246 168
246 202
246 74
246 109
246 210
246 212
246 59
247 32
247 131
247 4
247 199
247 206
247 15
247 212
247 151
248 138
248 43
248 107
248 24
248 217
248 58
248 92
248 127
249 99
249 70
249 104
249 170
249 237
249 142
249 77
249 63
250 226
250 255
250 230
250 70
250 238
250 19
250 87
250 159
251 0
251 185
251 102
251 205
251 157
251 121
251 187
251 29
252 131
252 4
252 198
252 166
252 200
252 18
252 243
252 156
253 128
253 161
253 4
253 166
253 82
253 185
253 123
253 222
254 70
254 237
254 238
254 181
254 118
254 183
254 86
254 218
255 96
255 196
255 9
255 12
255 50
255 149
255 217
255 250
