256
0 172
0 208
0 81
0 188
0 156
0 93
1 13
1 143
1 16
1 51
1 26
1 59
2 101
2 69
2 199
2 111
2 21
2 92
3 195
3 196
3 230
3 13
3 45
3 118
4 128
4 203
4 245
4 152
4 187
4 222
5 7
5 43
5 44
5 220
5 124
5 189
6 137
6 74
6 43
6 206
6 47
6 88
7 5
7 39
7 210
7 148
7 153
7 191
8 160
8 166
8 143
8 79
8 248
8 190
9 173
9 176
9 180
9 21
9 246
9 31
10 64
10 72
10 238
10 55
10 88
10 61
11 36
11 201
11 202
11 78
11 51
11 222
12 234
12 204
12 77
12 17
12 211
12 153
13 161
13 1
13 3
13 132
13 215
13 95
14 35
14 173
14 78
14 48
14 116
14 21
15 164
15 172
15 111
15 212
15 253
15 127
16 1
16 105
16 208
16 245
16 87
16 249
17 96
17 169
17 42
17 12
17 241
17 184
18 33
18 44
18 187
18 240
18 121
18 123
19 128
19 67
19 134
19 77
19 114
19 86
20 101
20 236
20 109
20 242
20 84
20 86
21 2
21 9
21 14
21 238
21 57
21 59
22 132
22 39
22 177
22 124
22 158
22 191
23 133
23 77
23 145
23 243
23 117
23 187
24 34
24 111
24 115
24 180
24 52
24 95
25 161
25 73
25 234
25 47
25 209
25 124
26 1
26 195
26 231
26 203
26 90
26 94
27 103
27 39
27 71
27 110
27 215
27 221
28 41
28 203
28 85
28 250
28 221
28 190
29 69
29 170
29 174
29 49
29 87
29 184
30 102
30 231
30 53
30 58
30 155
30 220
31 97
31 193
31 38
31 9
31 173
31 191
32 105
32 170
32 50
32 242
32 151
32 255
33 72
33 143
33 82
33 18
33 179
33 151
34 168
34 235
34 80
34 24
34 123
34 184
35 36
35 134
35 172
35 14
35 207
35 123
36 35
36 101
36 73
36 11
36 109
36 157
37 225
37 70
37 201
37 141
37 53
37 247
38 196
38 31
38 154
38 156
38 93
38 159
39 7
39 27
39 104
39 146
39 22
39 59
40 160
40 97
40 233
40 241
40 179
40 214
41 131
41 230
41 244
41 247
41 218
41 28
42 129
42 241
42 17
42 54
42 217
42 218
43 5
43 6
43 46
43 84
43 55
43 156
44 65
44 227
44 5
44 81
44 18
44 179
45 3
45 227
45 169
45 144
45 208
45 217
46 97
46 196
46 43
46 242
46 117
46 157
47 68
47 6
47 143
47 214
47 25
47 126
48 228
48 14
48 94
48 89
48 186
48 190
49 68
49 233
49 236
49 146
49 187
49 29
50 32
50 103
50 140
50 177
50 212
50 85
51 1
51 136
51 11
51 76
51 80
51 83
52 167
52 104
52 237
52 212
52 120
52 24
53 226
53 66
53 37
53 107
53 54
53 30
54 136
54 169
54 42
54 177
54 53
54 214
55 160
55 73
55 10
55 43
55 245
55 183
56 143
56 115
56 246
56 88
56 218
56 220
57 136
57 176
57 145
57 21
57 124
57 254
58 65
58 164
58 229
58 177
58 254
58 30
59 1
59 197
59 39
59 71
59 144
59 21
60 100
60 200
60 82
60 119
60 247
60 255
61 10
61 178
61 181
61 185
61 125
61 127
62 165
62 202
62 79
62 146
62 211
62 123
63 235
63 110
63 245
63 117
63 86
63 188
64 167
64 10
64 110
64 238
64 113
64 191
65 139
65 44
65 78
65 110
65 58
65 219
66 103
66 145
66 113
66 116
66 148
66 53
67 96
67 167
67 19
67 89
67 252
67 223
68 193
68 100
68 47
68 241
68 49
68 251
69 2
69 197
69 86
69 151
69 29
69 191
70 37
70 73
70 216
70 186
70 219
70 253
71 131
71 230
71 59
71 154
71 27
71 92
72 160
72 33
72 164
72 10
72 157
72 126
73 36
73 70
73 55
73 184
73 25
73 221
74 224
74 6
74 170
74 106
74 77
74 182
75 195
75 107
75 209
75 178
75 119
75 219
76 164
76 102
76 173
76 239
76 175
76 51
77 224
77 74
77 12
77 177
77 19
77 23
78 65
78 11
78 14
78 174
78 82
78 243
79 8
79 205
79 81
79 114
79 249
79 62
80 34
80 206
80 146
80 51
80 148
80 217
81 0
81 162
81 44
81 79
81 240
81 118
82 33
82 133
82 136
82 105
82 78
82 60
83 226
83 137
83 51
83 84
83 152
83 153
84 202
84 43
84 108
84 171
84 83
84 20
85 238
85 240
85 50
85 218
85 28
85 222
86 98
86 69
86 141
86 19
86 20
86 63
87 231
87 141
87 16
87 244
87 121
87 29
88 99
88 6
88 10
88 202
88 56
88 124
89 97
89 67
89 48
89 148
89 149
89 91
90 130
90 163
90 228
90 99
90 171
90 26
91 168
91 235
91 140
91 174
91 89
91 187
92 194
92 2
92 230
92 71
92 141
92 95
93 0
93 195
93 38
93 108
93 177
93 118
94 154
94 206
94 48
94 210
94 26
94 189
95 237
95 13
95 245
95 24
95 92
95 157
96 128
96 67
96 101
96 171
96 17
96 213
97 121
97 98
97 40
97 46
97 89
97 31
98 97
98 162
98 175
98 115
98 86
98 252
99 161
99 169
99 110
99 88
99 185
99 90
100 68
100 201
100 143
100 145
100 217
100 60
101 96
101 225
101 2
101 36
101 20
101 213
102 226
102 228
102 196
102 76
102 109
102 30
103 66
103 50
103 211
103 181
103 247
103 27
104 196
104 39
104 144
104 52
104 214
104 218
105 32
105 203
105 236
105 16
105 82
105 126
106 74
106 113
106 145
106 121
106 220
106 127
107 228
107 75
107 109
107 240
107 53
107 159
108 128
108 192
108 84
108 214
108 217
108 93
109 36
109 102
109 234
109 107
109 147
109 20
110 64
110 65
110 99
110 232
110 27
110 63
111 2
111 172
111 204
111 15
111 216
111 24
112 135
112 115
112 213
112 184
112 189
112 254
113 160
113 64
113 66
113 134
113 106
113 239
114 229
114 166
114 79
114 19
114 181
114 255
115 98
115 167
115 112
115 208
115 24
115 56
116 66
116 14
116 241
116 209
116 183
116 126
117 168
117 46
117 206
117 244
117 23
117 63
118 3
118 198
118 205
118 81
118 93
118 126
119 134
119 75
119 209
119 183
119 249
119 60
120 161
120 139
120 148
120 213
120 52
120 127
121 97
121 232
121 106
121 18
121 87
121 216
122 193
122 149
122 248
122 185
122 251
122 223
123 34
123 35
123 233
123 18
123 254
123 62
124 5
124 239
124 22
124 88
124 57
124 25
125 136
125 168
125 241
125 61
125 254
125 255
126 72
126 105
126 204
126 47
126 116
126 118
127 229
127 106
127 15
127 240
127 120
127 61
128 96
128 4
128 108
128 174
128 19
128 151
129 42
129 210
129 242
129 185
129 156
129 158
130 131
130 140
130 149
130 216
130 90
130 157
131 130
131 163
131 135
131 71
131 41
131 190
132 225
132 201
132 13
132 142
132 22
132 222
133 136
133 137
133 82
133 243
133 149
133 23
134 194
134 35
134 171
134 113
134 19
134 119
135 131
135 198
135 167
135 142
135 112
135 181
136 133
136 82
136 51
136 54
136 57
136 125
137 133
137 6
137 138
137 142
137 83
137 247
138 162
138 137
138 171
138 182
138 150
138 158
139 192
139 65
139 197
139 198
139 246
139 120
140 130
140 229
140 50
140 211
140 181
140 91
141 37
141 199
141 86
141 87
141 92
141 253
142 224
142 132
142 135
142 137
142 233
142 176
143 33
143 1
143 100
143 8
143 47
143 56
144 165
144 231
144 104
144 45
144 248
144 59
145 66
145 100
145 106
145 23
145 184
145 57
146 39
146 232
146 80
146 49
146 215
146 62
147 229
147 199
147 109
147 176
147 152
147 216
148 66
148 7
148 238
148 80
148 120
148 89
149 130
149 133
149 180
149 248
149 89
149 122
150 197
150 231
150 138
150 208
150 185
150 222
151 32
151 33
151 128
151 69
151 171
151 252
152 224
152 164
152 4
152 176
152 147
152 83
153 166
153 7
153 12
153 83
153 244
153 250
154 194
154 38
154 71
154 209
154 155
154 94
155 162
155 163
155 202
155 154
155 30
155 159
156 0
156 129
156 38
156 200
156 43
156 175
157 130
157 36
157 72
157 46
157 212
157 95
158 129
158 225
158 138
158 239
158 22
158 218
159 38
159 107
159 178
159 243
159 181
159 155
160 40
160 8
160 72
160 113
160 55
160 190
161 99
161 236
161 13
161 244
161 120
161 25
162 98
162 166
162 138
162 202
162 81
162 155
163 131
163 165
163 155
163 242
163 90
163 187
164 72
164 76
164 15
164 242
164 152
164 58
165 163
165 144
165 214
165 250
165 252
165 62
166 162
166 8
166 207
166 114
166 182
166 153
167 64
167 194
167 67
167 135
167 115
167 52
168 34
168 197
168 201
168 117
168 91
168 125
169 226
169 99
169 45
169 209
169 17
169 54
170 32
170 74
170 249
170 186
170 29
170 223
171 96
171 134
171 138
171 84
171 151
171 90
172 0
172 35
172 198
172 111
172 15
172 210
173 192
173 9
173 76
173 14
173 178
173 31
174 128
174 205
174 78
174 91
174 220
174 29
175 98
175 76
175 207
175 244
175 250
175 156
176 9
176 142
176 147
176 212
176 152
176 57
177 77
177 50
177 54
177 22
177 58
177 93
178 233
178 75
178 173
178 252
178 61
178 159
179 33
179 40
179 44
179 206
179 182
179 188
180 231
180 200
180 9
180 207
180 149
180 24
181 135
181 103
181 140
181 114
181 61
181 159
182 166
182 74
182 138
182 240
182 211
182 179
183 192
183 228
183 205
183 116
183 119
183 55
184 34
184 73
184 112
184 145
184 17
184 29
185 129
185 99
185 150
185 122
185 188
185 61
186 217
186 70
186 170
186 239
186 48
186 249
187 163
187 4
187 49
187 18
187 23
187 91
188 0
188 227
188 208
188 179
188 185
188 63
189 227
189 5
189 112
189 243
189 94
189 255
190 160
190 131
190 230
190 8
190 48
190 28
191 64
191 69
191 7
191 204
191 22
191 31
192 139
192 108
192 173
192 213
192 183
192 215
193 225
193 68
193 200
193 248
193 122
193 31
194 134
194 167
194 237
194 207
194 154
194 92
195 3
195 75
195 237
195 26
195 251
195 93
196 3
196 102
196 38
196 104
196 46
196 253
197 69
197 168
197 139
197 237
197 150
197 59
198 135
198 139
198 172
198 206
198 118
198 254
199 2
199 200
199 233
199 141
199 147
199 221
200 193
200 199
200 60
200 239
200 180
200 156
201 100
201 132
201 37
201 168
201 11
201 207
202 162
202 11
202 84
202 88
202 155
202 62
203 4
203 232
203 105
203 213
203 26
203 28
204 12
204 111
204 246
204 250
204 126
204 191
205 174
205 79
205 212
205 118
205 183
205 249
206 198
206 6
206 80
206 179
206 117
206 94
207 194
207 35
207 166
207 201
207 175
207 180
208 0
208 45
208 16
208 115
208 150
208 188
209 169
209 75
209 116
209 119
209 25
209 154
210 129
210 7
210 172
210 246
210 247
210 94
211 103
211 12
211 140
211 182
211 251
211 62
212 205
212 15
212 176
212 50
212 52
212 157
213 96
213 192
213 101
213 203
213 112
213 120
214 165
214 104
214 40
214 108
214 47
214 54
215 192
215 234
215 13
215 146
215 246
215 27
216 130
216 70
216 111
216 147
216 121
216 221
217 100
217 42
217 108
217 45
217 80
217 186
218 104
218 41
218 42
218 85
218 56
218 158
219 65
219 70
219 232
219 75
219 245
219 223
220 5
220 106
220 235
220 174
220 56
220 30
221 199
221 73
221 238
221 216
221 27
221 28
222 4
222 228
222 132
222 11
222 85
222 150
223 67
223 230
223 170
223 235
223 122
223 219
224 248
224 229
224 74
224 77
224 142
224 152
225 193
225 132
225 101
225 37
225 251
225 158
226 102
226 169
226 83
226 53
226 250
226 255
227 234
227 44
227 45
227 252
227 188
227 189
228 102
228 107
228 48
228 183
228 90
228 222
229 224
229 140
229 114
229 147
229 58
229 127
230 3
230 71
230 41
230 92
230 190
230 223
231 144
231 180
231 150
231 87
231 26
231 30
232 203
232 110
232 146
232 121
232 219
232 253
233 199
233 40
233 142
233 49
233 178
233 123
234 227
234 12
234 109
234 236
234 215
234 25
235 34
235 236
235 91
235 220
235 63
235 223
236 161
236 105
236 234
236 235
236 49
236 20
237 194
237 195
237 197
237 52
237 251
237 95
238 64
238 10
238 148
238 21
238 85
238 221
239 200
239 76
239 113
239 186
239 124
239 158
240 107
240 81
240 18
240 85
240 182
240 127
241 68
241 40
241 42
241 17
241 116
241 125
242 32
242 129
242 163
242 164
242 46
242 20
243 133
243 78
243 23
243 189
243 253
243 159
244 161
244 41
244 175
244 117
244 87
244 153
245 4
245 16
245 55
245 219
245 95
245 63
246 9
246 139
246 204
246 210
246 215
246 56
247 37
247 103
247 137
247 41
247 210
247 60
248 224
248 193
248 8
248 144
248 149
248 122
249 170
249 205
249 79
249 16
249 119
249 186
250 226
250 165
250 204
250 175
250 153
250 28
251 225
251 195
251 68
251 237
251 211
251 122
252 98
252 67
252 227
252 165
252 178
252 151
253 196
253 70
253 232
253 141
253 15
253 243
254 198
254 112
254 57
254 58
254 123
254 125
255 32
255 226
255 114
255 189
255 60
255 125
