256
0 58
0 6
0 109
0 176
0 114
0 179
0 30
0 25
0 126
0 94
1 35
1 197
1 105
1 74
1 142
1 174
1 111
1 209
1 78
1 84
2 64
2 130
2 199
2 168
2 104
2 147
2 181
2 214
2 61
2 62
3 5
3 102
3 69
3 200
3 209
3 179
3 125
3 246
3 124
3 221
4 226
4 227
4 37
4 165
4 200
4 140
4 50
4 115
4 31
4 127
5 160
5 3
5 133
5 134
5 171
5 142
5 51
5 151
5 185
5 124
6 0
6 161
6 228
6 165
6 230
6 145
6 50
6 178
6 212
6 188
7 67
7 35
7 91
7 175
7 53
7 22
7 57
7 59
7 60
7 157
8 193
8 198
8 178
8 212
8 117
8 184
8 57
8 219
8 30
8 255
9 255
9 233
9 172
9 49
9 117
9 254
9 154
9 221
9 62
9 191
10 67
10 101
10 102
10 229
10 44
10 111
10 47
10 239
10 219
10 252
11 194
11 195
11 36
11 38
11 74
11 182
11 54
11 24
11 61
11 63
12 192
12 230
12 201
12 170
12 169
12 45
12 208
12 117
12 182
12 184
13 231
13 112
13 222
13 51
13 148
13 181
13 214
13 56
13 61
13 126
14 197
14 38
14 135
14 76
14 77
14 174
14 112
14 177
14 181
14 190
15 97
15 163
15 100
15 165
15 220
15 54
15 186
15 155
15 92
15 223
16 33
16 198
16 134
16 232
16 138
16 74
16 143
16 84
16 251
16 28
17 68
17 76
17 143
17 144
17 214
17 184
17 25
17 123
17 126
17 31
18 64
18 96
18 103
18 136
18 43
18 143
18 245
18 54
18 152
18 185
19 73
19 83
19 119
19 55
19 254
19 87
19 248
19 29
19 30
19 159
20 165
20 234
20 44
20 177
20 114
20 93
20 57
20 26
20 28
20 253
21 135
21 39
21 236
21 141
21 78
21 209
21 147
21 213
21 57
21 222
22 227
22 197
22 166
22 7
22 77
22 237
22 79
22 238
22 212
22 247
23 130
23 131
23 132
23 197
23 206
23 86
23 119
23 121
23 123
23 222
24 162
24 101
24 235
24 236
24 173
24 11
24 210
24 86
24 56
24 159
25 0
25 129
25 42
25 110
25 80
25 17
25 242
25 147
25 58
25 126
26 75
26 206
26 48
26 20
26 149
26 150
26 55
26 62
26 220
26 158
27 225
27 130
27 136
27 74
27 106
27 117
27 219
27 61
27 254
27 63
28 66
28 37
28 71
28 105
28 140
28 16
28 177
28 20
28 220
28 158
29 255
29 139
29 236
29 75
29 19
29 52
29 118
29 90
29 221
29 31
30 0
30 163
30 195
30 8
30 106
30 43
30 237
30 174
30 19
30 115
31 4
31 199
31 43
31 109
31 17
31 178
31 245
31 58
31 29
31 158
32 129
32 34
32 161
32 100
32 132
32 198
32 109
32 206
32 207
32 148
33 164
33 134
33 135
33 73
33 137
33 107
33 16
33 54
33 188
33 63
34 32
34 162
34 72
34 234
34 146
34 115
34 84
34 182
34 185
34 189
35 64
35 1
35 69
35 7
35 43
35 211
35 53
35 118
35 182
35 89
36 224
36 160
36 98
36 101
36 167
36 11
36 176
36 215
36 155
36 220
37 162
37 4
37 142
37 208
37 244
37 245
37 150
37 119
37 183
37 28
38 162
38 69
38 11
38 171
38 45
38 14
38 243
38 179
38 153
38 222
39 68
39 168
39 104
39 234
39 170
39 108
39 175
39 112
39 21
39 62
40 128
40 194
40 240
40 116
40 118
40 55
40 120
40 217
40 219
40 93
41 90
41 170
41 205
41 81
41 252
41 244
41 87
41 58
41 156
41 255
42 163
42 166
42 109
42 111
42 80
42 188
42 243
42 25
42 124
42 191
43 35
43 166
43 200
43 113
43 18
43 242
43 148
43 122
43 30
43 31
44 225
44 68
44 69
44 10
44 238
44 143
44 20
44 182
44 150
44 156
45 38
45 122
45 154
45 12
45 92
45 85
45 151
45 217
45 90
45 188
46 225
46 185
46 135
46 168
46 199
46 173
46 241
46 246
46 151
46 121
47 193
47 131
47 10
47 204
47 208
47 83
47 212
47 54
47 217
47 186
48 67
48 26
48 169
48 175
48 112
48 180
48 213
48 245
48 183
48 90
49 198
49 72
49 9
49 137
49 239
49 83
49 243
49 180
49 62
49 95
50 192
50 4
50 6
50 103
50 102
50 106
50 234
50 77
50 248
50 89
51 65
51 195
51 5
51 136
51 137
51 13
51 179
51 121
51 122
51 155
52 160
52 141
52 174
52 79
52 81
52 184
52 250
52 29
52 190
52 159
53 130
53 35
53 227
53 100
53 7
53 136
53 201
53 72
53 145
53 115
54 33
54 166
54 11
54 108
54 111
54 47
54 15
54 18
54 213
54 223
55 96
55 229
55 102
55 167
55 40
55 19
55 212
55 26
55 124
55 127
56 66
56 165
56 107
56 13
56 142
56 239
56 24
56 221
56 120
56 189
57 7
57 8
57 137
57 74
57 110
57 240
57 243
57 20
57 21
57 247
58 0
58 194
58 41
58 77
58 173
58 210
58 116
58 25
58 31
58 255
59 7
59 72
59 73
59 232
59 172
59 78
59 82
59 212
59 120
59 88
60 131
60 196
60 165
60 7
60 235
60 141
60 115
60 215
60 152
60 218
61 2
61 101
61 27
61 106
61 11
61 108
61 13
61 211
61 183
61 91
62 2
62 194
62 39
62 168
62 9
62 138
62 105
62 49
62 152
62 26
63 64
63 33
63 194
63 230
63 71
63 11
63 174
63 207
63 118
63 27
64 2
64 35
64 164
64 198
64 137
64 75
64 206
64 18
64 212
64 63
65 129
65 161
65 163
65 204
65 237
65 82
65 114
65 116
65 148
65 51
66 225
66 70
66 102
66 106
66 234
66 204
66 142
66 56
66 121
66 28
67 230
67 7
67 200
67 10
67 139
67 48
67 188
67 215
67 154
67 252
68 226
68 228
68 39
68 105
68 203
68 140
68 77
68 44
68 17
68 213
69 192
69 97
69 98
69 35
69 3
69 38
69 44
69 211
69 248
69 94
70 66
70 169
70 174
70 145
70 178
70 151
70 216
70 217
70 90
70 123
71 201
71 28
71 207
71 79
71 188
71 84
71 156
71 63
71 126
71 127
72 34
72 199
72 202
72 176
72 49
72 149
72 53
72 89
72 250
72 59
73 33
73 133
73 167
73 232
73 76
73 79
73 177
73 19
73 249
73 59
74 160
74 1
74 230
74 11
74 16
74 83
74 244
74 57
74 27
74 92
75 64
75 255
75 104
75 29
75 212
75 245
75 125
75 26
75 93
75 191
76 73
76 172
76 14
76 144
76 241
76 17
76 180
76 246
76 247
76 122
77 225
77 58
77 68
77 14
77 238
77 50
77 22
77 183
77 185
77 218
78 1
78 231
78 233
78 111
78 241
78 21
78 182
78 149
78 59
78 93
79 194
79 71
79 73
79 237
79 210
79 52
79 150
79 22
79 122
79 123
80 230
80 231
80 42
80 143
80 145
80 116
80 215
80 25
80 186
80 155
81 232
81 41
81 107
81 174
81 177
81 220
81 52
81 151
81 188
81 191
82 65
82 225
82 195
82 247
82 138
82 251
82 179
82 183
82 154
82 59
83 74
83 47
83 49
83 19
83 243
83 181
83 125
83 152
83 253
83 254
84 128
84 1
84 34
84 71
84 232
84 109
84 16
84 116
84 182
84 183
85 128
85 224
85 166
85 201
85 106
85 137
85 109
85 45
85 240
85 149
86 133
86 166
86 136
86 171
86 172
86 141
86 214
86 23
86 24
86 94
87 96
87 41
87 187
87 143
87 19
87 244
87 211
87 147
87 91
87 252
88 134
88 136
88 203
88 176
88 146
88 116
88 149
88 214
88 59
88 158
89 35
89 227
89 231
89 200
89 72
89 171
89 50
89 118
89 125
89 94
90 132
90 70
90 41
90 170
90 203
90 45
90 173
90 48
90 29
90 158
91 7
91 236
91 111
91 209
91 243
91 125
91 87
91 186
91 61
91 158
92 233
92 74
92 139
92 45
92 238
92 15
92 240
92 181
92 249
92 122
93 132
93 199
93 231
93 40
93 202
93 75
93 107
93 78
93 206
93 20
94 0
94 69
94 167
94 138
94 207
94 111
94 241
94 116
94 86
94 89
95 193
95 194
95 227
95 167
95 201
95 105
95 142
95 208
95 49
95 120
96 99
96 197
96 106
96 18
96 146
96 87
96 55
96 120
96 249
96 218
97 130
97 69
97 135
97 139
97 174
97 15
97 114
97 246
97 153
97 158
98 130
98 163
98 36
98 69
98 135
98 170
98 203
98 208
98 183
98 215
99 96
99 224
99 132
99 171
99 108
99 237
99 254
99 120
99 252
99 222
100 32
100 225
100 224
100 205
100 15
100 213
100 53
100 215
100 120
100 154
101 132
101 36
101 10
101 204
101 205
101 175
101 180
101 24
101 185
101 61
102 66
102 3
102 10
102 241
102 50
102 118
102 55
102 249
102 187
102 125
103 201
103 140
103 142
103 207
103 177
103 50
103 115
103 18
103 213
103 190
104 162
104 2
104 197
104 165
104 39
104 75
104 171
104 177
104 248
104 253
105 1
105 68
105 110
105 143
105 148
105 183
105 155
105 28
105 62
105 95
106 96
106 66
106 237
106 50
106 85
106 152
106 27
106 61
106 30
106 216
107 33
107 193
107 227
107 111
107 81
107 114
107 248
107 56
107 188
107 93
108 99
108 133
108 135
108 39
108 205
108 175
108 181
108 54
108 119
108 61
109 0
109 32
109 195
109 164
109 42
109 203
109 84
109 85
109 214
109 31
110 163
110 200
110 105
110 168
110 144
110 242
110 179
110 150
110 57
110 25
111 1
111 10
111 107
111 42
111 187
111 78
111 175
111 54
111 91
111 94
112 194
112 39
112 232
112 13
112 14
112 143
112 48
112 153
112 221
112 158
113 192
113 121
113 229
113 234
113 43
113 215
113 153
113 218
113 126
113 255
114 0
114 65
114 97
114 154
114 201
114 107
114 140
114 144
114 20
114 250
115 34
115 132
115 4
115 103
115 124
115 145
115 149
115 53
115 60
115 30
116 65
116 40
116 168
116 80
116 84
116 212
116 151
116 88
116 58
116 94
117 226
117 8
117 137
117 9
117 233
117 12
117 237
117 173
117 250
117 27
118 35
118 102
118 40
118 177
118 157
118 89
118 186
118 252
118 29
118 63
119 37
119 169
119 203
119 108
119 239
119 19
119 213
119 23
119 189
119 126
120 96
120 226
120 99
120 100
120 199
120 40
120 176
120 56
120 59
120 95
121 160
121 66
121 131
121 171
121 205
121 46
121 113
121 51
121 23
121 253
122 225
122 233
122 43
122 76
122 45
122 239
122 92
122 79
122 51
122 252
123 130
123 70
123 79
123 208
123 175
123 17
123 213
123 23
123 153
123 154
124 3
124 132
124 5
124 42
124 171
124 143
124 243
124 115
124 55
124 189
125 3
125 217
125 229
125 102
125 75
125 205
125 83
125 89
125 91
125 253
126 0
126 198
126 71
126 13
126 238
126 17
126 113
126 119
126 25
126 156
127 227
127 4
127 71
127 187
127 142
127 145
127 55
127 251
127 189
127 255
128 224
128 228
128 167
128 40
128 144
128 146
128 210
128 84
128 85
128 247
129 32
129 65
129 166
129 202
129 236
129 239
129 241
129 210
129 179
129 25
130 224
130 97
130 2
130 98
130 27
130 207
130 53
130 149
130 23
130 123
131 196
131 249
131 205
131 47
131 23
131 121
131 187
131 60
131 157
131 191
132 32
132 99
132 101
132 136
132 115
132 23
132 184
132 90
132 124
132 93
133 228
133 5
133 73
133 108
133 240
133 210
133 146
133 246
133 86
133 250
134 33
134 5
134 197
134 231
134 138
134 139
134 141
134 16
134 88
134 249
135 97
135 98
135 33
135 164
135 226
135 108
135 46
135 14
135 21
135 157
136 132
136 231
136 247
136 18
136 51
136 53
136 150
136 86
136 88
136 27
137 64
137 33
137 49
137 51
137 211
137 117
137 85
137 57
137 190
137 222
138 161
138 198
138 134
138 140
138 16
138 82
138 62
138 222
138 94
138 191
139 97
139 162
139 67
139 164
139 134
139 233
139 172
139 183
139 92
139 29
140 68
140 4
140 103
140 169
140 138
140 203
140 173
140 114
140 245
140 28
141 229
141 134
141 146
141 147
141 52
141 21
141 86
141 148
141 184
141 60
142 1
142 66
142 5
142 37
142 103
142 229
142 146
142 56
142 95
142 127
143 105
143 44
143 238
143 16
143 80
143 18
143 17
143 112
143 87
143 124
144 128
144 225
144 230
144 76
144 110
144 17
144 242
144 114
144 253
144 191
145 161
145 70
145 6
145 127
145 80
145 115
145 53
145 184
145 252
145 159
146 128
146 96
146 34
146 226
146 133
146 235
146 141
146 142
146 245
146 88
147 2
147 227
147 217
147 141
147 244
147 21
147 245
147 87
147 25
147 221
148 32
148 65
148 224
148 195
148 105
148 43
148 13
148 141
148 208
148 155
149 130
149 195
149 72
149 78
149 115
149 85
149 151
149 88
149 26
149 157
150 37
150 230
150 136
150 44
150 110
150 79
150 26
150 219
150 220
150 159
151 193
151 5
151 70
151 45
151 46
151 240
151 81
151 116
151 149
151 215
152 227
152 166
152 106
152 241
152 18
152 83
152 213
152 182
152 60
152 62
153 97
153 197
153 38
153 200
153 233
153 112
153 113
153 180
153 186
153 123
154 67
154 100
154 228
154 9
154 45
154 82
154 179
154 211
154 114
154 123
155 36
155 105
155 15
155 80
155 178
155 51
155 244
155 148
155 221
155 223
156 71
156 41
156 201
156 172
156 44
156 184
156 218
156 251
156 221
156 126
157 131
157 7
157 199
157 135
157 238
157 149
157 118
157 248
157 185
157 219
158 97
158 193
158 90
158 231
158 112
158 88
158 26
158 91
158 28
158 31
159 168
159 170
159 206
159 175
159 145
159 19
159 52
159 150
159 24
159 185
160 228
160 5
160 36
160 218
160 74
160 238
160 209
160 52
160 121
160 186
161 32
161 65
161 6
161 138
161 236
161 206
161 239
161 145
161 209
161 180
162 34
162 37
162 38
162 199
162 168
162 104
162 139
162 237
162 177
162 24
163 65
163 98
163 200
163 42
163 236
163 110
163 15
163 180
163 247
163 30
164 64
164 33
164 196
164 135
164 235
164 139
164 109
164 245
164 247
164 191
165 4
165 6
165 104
165 15
165 188
165 20
165 56
165 217
165 187
165 60
166 129
166 195
166 42
166 43
166 177
166 85
166 54
166 22
166 152
166 86
167 128
167 225
167 36
167 73
167 170
167 202
167 55
167 218
167 94
167 95
168 162
168 2
168 39
168 202
168 46
168 110
168 116
168 246
168 62
168 159
169 192
169 70
169 12
169 140
169 48
169 240
169 119
169 250
169 251
169 253
170 98
170 167
170 39
170 41
170 12
170 237
170 208
170 90
170 251
170 159
171 121
171 99
171 5
171 38
171 104
171 86
171 184
171 89
171 124
171 221
172 201
172 202
172 9
172 76
172 139
172 86
172 215
172 59
172 156
172 190
173 90
173 232
173 140
173 46
173 243
173 212
173 117
173 24
173 58
173 184
174 1
174 97
174 70
174 202
174 14
174 81
174 52
174 253
174 30
174 63
175 101
175 39
175 7
175 201
175 108
175 111
175 48
175 178
175 123
175 159
176 0
176 226
176 36
176 72
176 204
176 239
176 240
176 120
176 88
176 223
177 162
177 166
177 103
177 104
177 73
177 14
177 81
177 20
177 118
177 28
178 193
178 255
178 70
178 6
178 8
178 175
178 242
178 155
178 31
178 223
179 0
179 193
179 129
179 3
179 38
179 110
179 82
179 51
179 154
179 187
180 161
180 163
180 101
180 76
180 48
180 241
180 49
180 211
180 214
180 153
181 226
181 2
181 235
181 108
181 13
181 14
181 83
181 211
181 186
181 92
182 34
182 35
182 230
182 11
182 44
182 12
182 78
182 84
182 152
182 222
183 98
183 37
183 105
183 139
183 77
183 48
183 82
183 84
183 246
183 61
184 132
184 8
184 171
184 12
184 141
184 173
184 17
184 145
184 52
184 156
185 34
185 101
185 5
185 77
185 46
185 18
185 157
185 214
185 189
185 159
186 160
186 235
186 47
186 80
186 15
186 211
186 181
186 118
186 153
186 91
187 131
187 165
187 102
187 202
187 206
187 111
187 179
187 87
187 254
187 127
188 33
188 67
188 165
188 6
188 71
188 42
188 107
188 45
188 81
188 242
189 224
189 34
189 228
189 246
189 119
189 56
189 185
189 124
189 221
189 127
190 103
190 137
190 202
190 172
190 204
190 14
190 241
190 52
190 249
190 223
191 131
191 164
191 9
191 42
191 75
191 138
191 144
191 81
191 218
191 219
192 69
192 197
192 169
192 12
192 113
192 50
192 209
192 244
192 253
192 223
193 8
193 107
193 47
193 178
193 179
193 95
193 151
193 249
193 158
193 223
194 229
194 40
194 202
194 11
194 79
194 112
194 58
194 63
194 62
194 95
195 224
195 196
195 166
195 11
195 109
195 82
195 51
195 148
195 149
195 30
196 131
196 164
196 195
196 203
196 204
196 241
196 242
196 246
196 216
196 60
197 96
197 192
197 1
197 134
197 104
197 235
197 14
197 22
197 23
197 153
198 64
198 32
198 8
198 138
198 205
198 16
198 49
198 244
198 220
198 126
199 2
199 162
199 72
199 205
199 46
199 242
199 157
199 120
199 93
199 31
200 153
200 67
200 4
200 163
200 3
200 43
200 110
200 207
200 89
200 254
201 71
201 103
201 12
201 172
201 175
201 114
201 85
201 53
201 156
201 95
202 129
202 194
202 167
202 72
202 168
202 172
202 174
202 187
202 93
202 190
203 98
203 196
203 68
203 217
203 140
203 109
203 119
203 88
203 249
203 90
204 65
204 66
204 196
204 101
204 231
204 206
204 47
204 176
204 190
204 223
205 131
205 100
205 101
205 198
205 199
205 233
205 41
205 108
205 121
205 125
206 64
206 161
206 32
206 204
206 207
206 23
206 26
206 187
206 93
206 159
207 32
207 130
207 71
207 103
207 200
207 206
207 219
207 252
207 94
207 63
208 98
208 37
208 170
208 236
208 12
208 47
208 210
208 148
208 123
208 95
209 248
209 160
209 161
209 3
209 192
209 1
209 21
209 216
209 249
209 91
210 224
210 129
210 128
210 228
210 133
210 250
210 79
210 208
210 24
210 58
211 35
211 69
211 186
211 137
211 236
211 180
211 181
211 87
211 154
211 61
212 64
212 6
212 8
212 75
212 173
212 47
212 116
212 22
212 55
212 59
213 248
213 100
213 68
213 103
213 48
213 21
213 54
213 119
213 152
213 123
214 226
214 2
214 13
214 109
214 17
214 180
214 86
214 88
214 185
214 220
215 98
215 67
215 100
215 36
215 234
215 172
215 80
215 113
215 151
215 60
216 196
216 70
216 232
216 106
216 235
216 239
216 240
216 209
216 243
216 248
217 165
217 70
217 232
217 40
217 203
217 45
217 47
217 147
217 247
217 125
218 160
218 96
218 167
218 77
218 60
218 113
218 156
218 252
218 220
218 191
219 40
219 8
219 10
219 27
219 207
219 150
219 250
219 251
219 157
219 191
220 26
220 36
220 198
220 15
220 81
220 150
220 214
220 218
220 28
220 255
221 3
221 9
221 171
221 112
221 147
221 189
221 56
221 155
221 156
221 29
222 226
222 227
222 99
222 38
222 137
222 138
222 13
222 21
222 182
222 23
223 192
223 193
223 204
223 15
223 176
223 178
223 54
223 247
223 155
223 190
224 128
224 130
224 195
224 36
224 99
224 100
224 210
224 148
224 85
224 189
225 66
225 100
225 167
225 44
225 77
225 46
225 144
225 82
225 122
225 27
226 4
226 68
226 135
226 176
226 146
226 117
226 214
226 181
226 120
226 222
227 4
227 107
227 147
227 53
227 22
227 152
227 89
227 127
227 222
227 95
228 160
228 128
228 68
228 133
228 6
228 233
228 239
228 210
228 154
228 189
229 194
229 10
229 234
229 236
229 141
229 142
229 113
229 55
229 125
229 254
230 67
230 6
230 74
230 12
230 80
230 144
230 244
230 150
230 182
230 63
231 134
231 136
231 232
231 204
231 13
231 78
231 80
231 89
231 93
231 158
232 231
232 73
232 173
232 112
232 16
232 81
232 84
232 216
232 217
232 59
233 228
233 9
233 234
233 139
233 205
233 78
233 117
233 153
233 122
233 92
234 66
234 34
234 229
234 39
234 233
234 235
234 113
234 50
234 20
234 215
235 164
235 197
235 234
235 146
235 181
235 24
235 186
235 251
235 60
235 216
236 129
236 161
236 163
236 229
236 208
236 211
236 21
236 24
236 91
236 29
237 65
237 162
237 99
237 106
237 170
237 79
237 117
237 22
237 250
237 30
238 160
238 44
238 77
238 143
238 244
238 157
238 22
238 92
238 253
238 126
239 161
239 129
239 56
239 228
239 10
239 176
239 49
239 119
239 216
239 122
240 133
240 40
240 169
240 176
240 85
240 151
240 216
240 57
240 250
240 92
241 129
241 196
241 102
241 76
241 78
241 46
241 180
241 152
241 94
241 190
242 196
242 199
242 43
242 110
242 144
242 178
242 243
242 25
242 251
242 188
243 38
243 42
243 173
243 49
243 242
243 83
243 216
243 57
243 91
243 124
244 192
244 37
244 198
244 230
244 41
244 74
244 238
244 147
244 87
244 155
245 164
245 37
245 75
245 140
245 48
245 146
245 147
245 18
245 254
245 31
246 97
246 3
246 196
246 133
246 168
246 76
246 46
246 183
246 189
246 254
247 128
247 163
247 164
247 136
247 76
247 82
247 22
247 217
247 57
247 223
248 69
248 104
248 107
248 209
248 50
248 19
248 213
248 216
248 251
248 157
249 96
249 193
249 131
249 102
249 134
249 73
249 203
249 209
249 92
249 190
250 133
250 72
250 169
250 237
250 240
250 114
250 210
250 52
250 117
250 219
251 169
251 170
251 235
251 16
251 82
251 242
251 248
251 219
251 156
251 127
252 99
252 67
252 41
252 10
252 218
252 207
252 145
252 118
252 87
252 122
253 192
253 104
253 169
253 174
253 238
253 144
253 83
253 20
253 121
253 125
254 99
254 229
254 200
254 9
254 187
254 19
254 83
254 245
254 246
254 27
255 8
255 9
255 41
255 75
255 113
255 178
255 58
255 220
255 29
255 127
